t # 0
v 0 2
v 1 3
v 2 4
v 3 3
v 4 5
v 5 6
v 6 7
v 7 3
v 8 8
v 9 3
v 10 9
v 11 10
v 12 5
v 13 6
v 14 14
v 15 11
v 16 12
v 17 13
v 18 5
v 19 6
v 20 15
v 21 11
v 22 12
v 23 16
e 0 1 2
e 0 3 2
e 1 2 3
e 3 4 5
e 4 5 6
e 5 6 7
e 5 7 7
e 5 12 7
e 7 8 9
e 7 9 9
e 7 11 9
e 9 10 11
e 12 13 14
e 12 15 14
e 13 14 15
e 15 16 17
e 15 18 17
e 16 17 18
e 18 19 20
e 18 21 20
e 19 20 21
e 21 22 23
e 22 23 24
t # 1
v 0 2
v 1 3
v 2 4
v 3 3
v 4 5
v 5 6
v 6 7
v 7 3
v 8 8
v 9 3
v 10 9
v 11 10
v 12 11
v 13 12
v 14 13
v 15 5
v 16 6
v 17 14
v 18 5
v 19 6
v 20 15
v 21 11
v 22 12
v 23 16
e 0 1 2
e 0 3 2
e 1 2 3
e 3 4 5
e 4 5 6
e 5 6 7
e 5 7 7
e 5 12 7
e 7 8 9
e 7 9 9
e 7 11 9
e 9 10 11
e 12 13 14
e 12 15 14
e 13 14 15
e 15 16 17
e 15 18 17
e 16 17 18
e 18 19 20
e 18 21 20
e 19 20 21
e 21 22 23
e 22 23 24
t # 2
v 0 2
v 1 3
v 2 4
v 3 3
v 4 5
v 5 6
v 6 7
v 7 3
v 8 8
v 9 3
v 10 9
v 11 10
v 12 5
v 13 6
v 14 14
v 15 5
v 16 6
v 17 15
v 18 11
v 19 12
v 20 16
v 21 13
e 0 1 2
e 0 3 2
e 1 2 3
e 3 4 5
e 4 5 6
e 5 6 7
e 5 7 7
e 5 12 7
e 7 8 9
e 7 9 9
e 7 11 9
e 9 10 11
e 12 13 14
e 12 15 14
e 13 14 15
e 15 16 17
e 15 18 17
e 16 17 18
e 18 19 20
e 19 20 21
e 19 21 21
t # -1