t # 0
v 0 2
v 1 3
v 2 4
v 3 5
v 4 6
v 5 5
v 6 8
v 7 9
v 8 10
v 9 11
v 10 12
v 11 11
v 12 5
v 13 13
v 14 7
v 15 14
e 0 1 2
e 1 2 3
e 2 3 4
e 2 8 4
e 3 4 5
e 3 5 5
e 3 7 5
e 5 6 7
e 8 9 10
e 8 11 10
e 9 10 11
e 11 12 13
e 11 14 13
e 11 15 13
e 12 13 14
t # 1
v 0 2
v 1 3
v 2 4
v 3 5
v 4 6
v 5 9
v 6 5
v 7 8
v 8 10
v 9 11
v 10 12
v 11 11
v 12 5
v 13 13
v 14 7
v 15 14
e 0 1 2
e 1 2 3
e 2 3 4
e 2 5 4
e 2 6 4
e 2 8 4
e 3 4 5
e 6 7 8
e 8 9 10
e 8 11 10
e 9 10 11
e 11 12 13
e 11 14 13
e 11 15 13
e 12 13 14
t # 2
v 0 2
v 1 3
v 2 4
v 3 5
v 4 6
v 5 5
v 6 8
v 7 9
v 8 5
v 9 7
v 10 10
v 11 11
v 12 12
v 13 11
v 14 5
v 15 13
v 16 14
e 0 1 2
e 1 2 3
e 2 3 4
e 3 4 5
e 3 5 5
e 3 7 5
e 3 8 5
e 3 10 5
e 5 6 7
e 8 9 10
e 10 11 12
e 10 13 12
e 11 12 13
e 13 14 15
e 13 16 15
e 14 15 16
t # 3
v 0 2
v 1 3
v 2 4
v 3 5
v 4 6
v 5 9
v 6 5
v 7 7
v 8 8
v 9 10
v 10 11
v 11 12
v 12 11
v 13 5
v 14 13
v 15 14
e 0 1 2
e 1 2 3
e 2 3 4
e 2 5 4
e 2 6 4
e 2 9 4
e 3 4 5
e 6 7 8
e 6 8 8
e 9 10 11
e 9 12 11
e 10 11 12
e 12 13 14
e 12 15 14
e 13 14 15
t # 4
v 0 2
v 1 3
v 2 4
v 3 5
v 4 6
v 5 5
v 6 7
v 7 8
v 8 9
v 9 10
v 10 11
v 11 12
v 12 11
v 13 5
v 14 13
v 15 14
e 0 1 2
e 1 2 3
e 2 3 4
e 3 4 5
e 2 9 4
e 3 5 5
e 3 8 5
e 5 6 7
e 5 7 7
e 9 10 11
e 9 12 11
e 10 11 12
e 12 13 14
e 12 15 14
e 13 14 15
t # 5
v 0 2
v 1 3
v 2 4
v 3 5
v 4 6
v 5 5
v 6 7
v 7 9
v 8 5
v 9 8
v 10 10
v 11 11
v 12 12
v 13 11
v 14 5
v 15 13
v 16 14
e 0 1 2
e 1 2 3
e 2 3 4
e 3 4 5
e 3 5 5
e 3 7 5
e 3 8 5
e 3 10 5
e 5 6 7
e 8 9 10
e 10 11 12
e 10 13 12
e 11 12 13
e 13 14 15
e 13 16 15
e 14 15 16
t # 6
v 0 2
v 1 3
v 2 4
v 3 5
v 4 6
v 5 5
v 6 8
v 7 9
v 8 10
v 9 11
v 10 5
v 11 13
v 12 12
v 13 7
v 14 14
e 0 1 2
e 1 2 3
e 2 3 4
e 2 8 4
e 3 4 5
e 3 5 5
e 3 7 5
e 5 6 7
e 8 9 10
e 8 13 10
e 8 14 10
e 9 10 11
e 9 12 11
e 10 11 12
t # 7
v 0 2
v 1 3
v 2 4
v 3 5
v 4 6
v 5 9
v 6 5
v 7 8
v 8 10
v 9 11
v 10 5
v 11 13
v 12 12
v 13 7
v 14 14
e 0 1 2
e 1 2 3
e 2 3 4
e 2 5 4
e 2 6 4
e 2 8 4
e 3 4 5
e 6 7 8
e 8 9 10
e 8 13 10
e 8 14 10
e 9 10 11
e 9 12 11
e 10 11 12
t # 8
v 0 2
v 1 3
v 2 4
v 3 5
v 4 6
v 5 5
v 6 8
v 7 9
v 8 5
v 9 7
v 10 10
v 11 11
v 12 5
v 13 13
v 14 12
v 15 14
e 0 1 2
e 1 2 3
e 2 3 4
e 3 4 5
e 3 5 5
e 3 7 5
e 3 8 5
e 3 10 5
e 5 6 7
e 8 9 10
e 10 11 12
e 10 15 12
e 11 12 13
e 11 14 13
e 12 13 14
t # 9
v 0 2
v 1 3
v 2 4
v 3 5
v 4 6
v 5 9
v 6 5
v 7 7
v 8 8
v 9 10
v 10 11
v 11 5
v 12 13
v 13 12
v 14 14
e 0 1 2
e 1 2 3
e 2 3 4
e 2 5 4
e 2 6 4
e 2 9 4
e 3 4 5
e 6 7 8
e 6 8 8
e 9 10 11
e 9 14 11
e 10 11 12
e 10 13 12
e 11 12 13
t # 10
v 0 2
v 1 3
v 2 4
v 3 5
v 4 6
v 5 5
v 6 7
v 7 8
v 8 9
v 9 10
v 10 11
v 11 5
v 12 13
v 13 12
v 14 14
e 0 1 2
e 1 2 3
e 2 3 4
e 3 4 5
e 2 9 4
e 3 5 5
e 3 8 5
e 5 6 7
e 5 7 7
e 9 10 11
e 9 14 11
e 10 11 12
e 10 13 12
e 11 12 13
t # 11
v 0 2
v 1 3
v 2 4
v 3 5
v 4 6
v 5 5
v 6 7
v 7 9
v 8 5
v 9 8
v 10 10
v 11 11
v 12 5
v 13 13
v 14 12
v 15 14
e 0 1 2
e 1 2 3
e 2 3 4
e 3 4 5
e 3 5 5
e 3 7 5
e 3 8 5
e 3 10 5
e 5 6 7
e 8 9 10
e 10 11 12
e 10 15 12
e 11 12 13
e 11 14 13
e 12 13 14
t # 12
v 0 2
v 1 3
v 2 4
v 3 5
v 4 6
v 5 5
v 6 8
v 7 9
v 8 10
v 9 11
v 10 5
v 11 13
v 12 11
v 13 12
v 14 7
v 15 14
e 0 1 2
e 1 2 3
e 2 3 4
e 2 8 4
e 3 4 5
e 3 5 5
e 3 7 5
e 5 6 7
e 8 9 10
e 9 10 11
e 9 12 11
e 9 14 11
e 9 15 11
e 10 11 12
e 12 13 14
t # 13
v 0 2
v 1 3
v 2 4
v 3 5
v 4 6
v 5 9
v 6 5
v 7 8
v 8 10
v 9 11
v 10 5
v 11 13
v 12 11
v 13 12
v 14 7
v 15 14
e 0 1 2
e 1 2 3
e 2 3 4
e 2 5 4
e 2 6 4
e 2 8 4
e 3 4 5
e 6 7 8
e 8 9 10
e 9 10 11
e 9 12 11
e 9 14 11
e 9 15 11
e 10 11 12
e 12 13 14
t # 14
v 0 2
v 1 3
v 2 4
v 3 5
v 4 6
v 5 5
v 6 8
v 7 9
v 8 5
v 9 7
v 10 10
v 11 11
v 12 5
v 13 13
v 14 11
v 15 12
v 16 14
e 0 1 2
e 1 2 3
e 2 3 4
e 3 4 5
e 3 5 5
e 3 7 5
e 3 8 5
e 3 10 5
e 5 6 7
e 8 9 10
e 10 11 12
e 11 12 13
e 11 14 13
e 11 16 13
e 12 13 14
e 14 15 16
t # 15
v 0 2
v 1 3
v 2 4
v 3 5
v 4 6
v 5 9
v 6 5
v 7 7
v 8 8
v 9 10
v 10 11
v 11 5
v 12 13
v 13 11
v 14 12
v 15 14
e 0 1 2
e 1 2 3
e 2 3 4
e 2 5 4
e 2 6 4
e 2 9 4
e 3 4 5
e 6 7 8
e 6 8 8
e 9 10 11
e 10 11 12
e 10 13 12
e 10 15 12
e 11 12 13
e 13 14 15
t # 16
v 0 2
v 1 3
v 2 4
v 3 5
v 4 6
v 5 5
v 6 7
v 7 8
v 8 9
v 9 10
v 10 11
v 11 5
v 12 13
v 13 11
v 14 12
v 15 14
e 0 1 2
e 1 2 3
e 2 3 4
e 3 4 5
e 2 9 4
e 3 5 5
e 3 8 5
e 5 6 7
e 5 7 7
e 9 10 11
e 10 11 12
e 10 13 12
e 10 15 12
e 11 12 13
e 13 14 15
t # 17
v 0 2
v 1 3
v 2 4
v 3 5
v 4 6
v 5 5
v 6 7
v 7 9
v 8 5
v 9 8
v 10 10
v 11 11
v 12 5
v 13 13
v 14 11
v 15 12
v 16 14
e 0 1 2
e 1 2 3
e 2 3 4
e 3 4 5
e 3 5 5
e 3 7 5
e 3 8 5
e 3 10 5
e 5 6 7
e 8 9 10
e 10 11 12
e 11 12 13
e 11 14 13
e 11 16 13
e 12 13 14
e 14 15 16
t # -1