t # 0
v 0 2
v 1 3
v 2 4
v 3 5
v 4 3
v 5 6
v 6 7
v 7 8
v 8 9
v 9 10
v 10 11
v 11 12
v 12 3
v 13 11
v 14 13
e 0 1 2
e 1 2 3
e 1 3 3
e 1 4 3
e 1 10 3
e 4 5 6
e 4 6 6
e 4 7 6
e 4 9 6
e 7 8 9
e 10 11 12
e 10 12 12
e 10 13 12
e 13 14 15
t # 1
v 0 2
v 1 3
v 2 4
v 3 5
v 4 3
v 5 6
v 6 7
v 7 8
v 8 9
v 9 10
v 10 11
v 11 12
v 12 3
v 13 11
v 14 13
e 0 1 2
e 1 2 3
e 1 3 3
e 1 4 3
e 1 10 3
e 4 5 6
e 4 6 6
e 4 7 6
e 4 9 6
e 7 8 9
e 10 11 12
e 10 12 12
e 10 13 12
e 13 14 15
t # 2
v 0 2
v 1 3
v 2 4
v 3 5
v 4 3
v 5 6
v 6 7
v 7 8
v 8 9
v 9 10
v 10 11
v 11 12
v 12 3
v 13 11
v 14 13
e 0 1 2
e 1 2 3
e 1 3 3
e 1 4 3
e 1 10 3
e 4 5 6
e 4 6 6
e 4 7 6
e 4 9 6
e 7 8 9
e 10 11 12
e 10 12 12
e 10 13 12
e 13 14 15
t # 3
v 0 2
v 1 3
v 2 4
v 3 5
v 4 3
v 5 6
v 6 7
v 7 8
v 8 9
v 9 10
v 10 11
v 11 12
v 12 3
v 13 11
v 14 13
e 0 1 2
e 1 2 3
e 1 3 3
e 1 4 3
e 1 10 3
e 4 5 6
e 4 6 6
e 4 7 6
e 4 9 6
e 7 8 9
e 10 11 12
e 10 12 12
e 10 13 12
e 13 14 15
t # 4
v 0 2
v 1 3
v 2 4
v 3 5
v 4 3
v 5 6
v 6 7
v 7 8
v 8 9
v 9 10
v 10 11
v 11 12
v 12 3
v 13 11
v 14 13
e 0 1 2
e 1 2 3
e 1 3 3
e 1 4 3
e 1 10 3
e 4 5 6
e 4 6 6
e 4 7 6
e 4 9 6
e 7 8 9
e 10 11 12
e 10 12 12
e 10 13 12
e 13 14 15
t # 5
v 0 2
v 1 3
v 2 4
v 3 5
v 4 3
v 5 6
v 6 7
v 7 9
v 8 10
v 9 11
v 10 12
v 11 3
v 12 11
v 13 13
e 0 1 2
e 1 2 3
e 1 3 3
e 1 4 3
e 0 9 2
e 1 7 3
e 1 8 3
e 4 5 6
e 4 6 6
e 9 10 11
e 9 11 11
e 9 12 11
e 12 13 14
t # -1