t # 0
v 0 2
v 1 3
v 2 4
v 3 6
v 4 6
v 5 7
v 6 8
v 7 9
v 8 7
v 9 5
v 10 6
v 11 10
v 12 7
v 13 11
v 14 12
v 15 6
v 16 13
v 17 6
v 18 2
e 0 1 2
e 0 2 2
e 2 3 4
e 3 4 5
e 3 5 5
e 3 8 5
e 5 6 7
e 5 7 7
e 8 9 10
e 8 10 10
e 8 12 10
e 10 11 12
e 12 13 14
e 12 14 14
e 12 15 14
e 12 17 14
e 15 16 17
e 17 18 19
t # 1
v 0 2
v 1 3
v 2 4
v 3 6
v 4 6
v 5 7
v 6 9
v 7 7
v 8 8
v 9 5
v 10 6
v 11 10
v 12 7
v 13 11
v 14 12
v 15 6
v 16 13
v 17 6
v 18 2
e 0 1 2
e 0 2 2
e 2 3 4
e 3 4 5
e 3 5 5
e 3 7 5
e 5 6 7
e 7 8 9
e 7 9 9
e 7 10 9
e 7 12 9
e 10 11 12
e 12 13 14
e 12 14 14
e 12 15 14
e 12 17 14
e 15 16 17
e 17 18 19
t # 2
v 0 2
v 1 3
v 2 4
v 3 6
v 4 6
v 5 7
v 6 9
v 7 7
v 8 5
v 9 6
v 10 10
v 11 7
v 12 11
v 13 12
v 14 6
v 15 13
v 16 6
v 17 2
v 18 8
e 0 1 2
e 0 2 2
e 2 3 4
e 3 4 5
e 3 5 5
e 3 7 5
e 5 6 7
e 7 8 9
e 7 9 9
e 7 11 9
e 9 10 11
e 11 12 13
e 11 13 13
e 11 14 13
e 11 16 13
e 14 15 16
e 16 17 18
e 16 18 18
t # 3
v 0 2
v 1 3
v 2 4
v 3 6
v 4 6
v 5 7
v 6 8
v 7 9
v 8 7
v 9 5
v 10 6
v 11 10
v 12 7
v 13 11
v 14 12
v 15 6
v 16 13
e 0 1 2
e 0 2 2
e 2 3 4
e 3 4 5
e 3 5 5
e 3 8 5
e 5 6 7
e 5 7 7
e 8 9 10
e 8 10 10
e 8 12 10
e 10 11 12
e 12 13 14
e 12 14 14
e 12 15 14
e 15 16 17
t # 4
v 0 2
v 1 3
v 2 4
v 3 6
v 4 6
v 5 7
v 6 9
v 7 7
v 8 8
v 9 5
v 10 6
v 11 10
v 12 7
v 13 11
v 14 12
v 15 6
v 16 13
e 0 1 2
e 0 2 2
e 2 3 4
e 3 4 5
e 3 5 5
e 3 7 5
e 5 6 7
e 7 8 9
e 7 9 9
e 7 10 9
e 7 12 9
e 10 11 12
e 12 13 14
e 12 14 14
e 12 15 14
e 15 16 17
t # 5
v 0 2
v 1 3
v 2 4
v 3 6
v 4 6
v 5 7
v 6 9
v 7 7
v 8 5
v 9 6
v 10 10
v 11 7
v 12 11
v 13 12
v 14 6
v 15 13
v 16 6
v 17 8
e 0 1 2
e 0 2 2
e 2 3 4
e 3 4 5
e 3 5 5
e 3 7 5
e 5 6 7
e 7 8 9
e 7 9 9
e 7 11 9
e 9 10 11
e 11 12 13
e 11 13 13
e 11 14 13
e 11 16 13
e 14 15 16
e 16 17 18
t # 6
v 0 2
v 1 3
v 2 4
v 3 5
v 4 6
v 5 6
v 6 7
v 7 8
v 8 9
v 9 7
v 10 6
v 11 10
v 12 7
v 13 11
v 14 12
v 15 6
v 16 13
v 17 6
v 18 2
e 0 1 2
e 0 2 2
e 2 3 4
e 2 4 4
e 4 5 6
e 4 6 6
e 4 9 6
e 6 7 8
e 6 8 8
e 9 10 11
e 9 12 11
e 10 11 12
e 12 13 14
e 12 14 14
e 12 15 14
e 12 17 14
e 15 16 17
e 17 18 19
t # 7
v 0 2
v 1 3
v 2 4
v 3 5
v 4 6
v 5 6
v 6 7
v 7 9
v 8 7
v 9 8
v 10 6
v 11 10
v 12 7
v 13 11
v 14 12
v 15 6
v 16 13
v 17 6
v 18 2
e 0 1 2
e 0 2 2
e 2 3 4
e 2 4 4
e 4 5 6
e 4 6 6
e 4 8 6
e 6 7 8
e 8 9 10
e 8 10 10
e 8 12 10
e 10 11 12
e 12 13 14
e 12 14 14
e 12 15 14
e 12 17 14
e 15 16 17
e 17 18 19
t # 8
v 0 2
v 1 3
v 2 4
v 3 5
v 4 6
v 5 6
v 6 7
v 7 9
v 8 7
v 9 6
v 10 10
v 11 7
v 12 11
v 13 12
v 14 6
v 15 13
v 16 6
v 17 2
v 18 8
e 0 1 2
e 0 2 2
e 2 3 4
e 2 4 4
e 4 5 6
e 4 6 6
e 4 8 6
e 6 7 8
e 8 9 10
e 8 11 10
e 9 10 11
e 11 12 13
e 11 13 13
e 11 14 13
e 11 16 13
e 14 15 16
e 16 17 18
e 16 18 18
t # 9
v 0 2
v 1 3
v 2 4
v 3 5
v 4 6
v 5 6
v 6 7
v 7 8
v 8 9
v 9 7
v 10 6
v 11 10
v 12 7
v 13 11
v 14 12
v 15 6
v 16 13
e 0 1 2
e 0 2 2
e 2 3 4
e 2 4 4
e 4 5 6
e 4 6 6
e 4 9 6
e 6 7 8
e 6 8 8
e 9 10 11
e 9 12 11
e 10 11 12
e 12 13 14
e 12 14 14
e 12 15 14
e 15 16 17
t # 10
v 0 2
v 1 3
v 2 4
v 3 5
v 4 6
v 5 6
v 6 7
v 7 9
v 8 7
v 9 8
v 10 6
v 11 10
v 12 7
v 13 11
v 14 12
v 15 6
v 16 13
e 0 1 2
e 0 2 2
e 2 3 4
e 2 4 4
e 4 5 6
e 4 6 6
e 4 8 6
e 6 7 8
e 8 9 10
e 8 10 10
e 8 12 10
e 10 11 12
e 12 13 14
e 12 14 14
e 12 15 14
e 15 16 17
t # 11
v 0 2
v 1 3
v 2 4
v 3 5
v 4 6
v 5 6
v 6 7
v 7 9
v 8 7
v 9 6
v 10 10
v 11 7
v 12 11
v 13 12
v 14 6
v 15 13
v 16 6
v 17 8
e 0 1 2
e 0 2 2
e 2 3 4
e 2 4 4
e 4 5 6
e 4 6 6
e 4 8 6
e 6 7 8
e 8 9 10
e 8 11 10
e 9 10 11
e 11 12 13
e 11 13 13
e 11 14 13
e 11 16 13
e 14 15 16
e 16 17 18
t # -1