t # 0
v 0 2
v 1 4
v 2 5
v 3 3
v 4 3
v 5 6
v 6 7
v 7 8
v 8 9
v 9 10
v 10 11
v 11 12
v 12 13
v 13 14
v 14 15
v 15 16
v 16 3
v 17 18
v 18 17
e 0 1 2
e 0 2 2
e 0 3 2
e 3 4 5
e 3 5 5
e 3 7 5
e 3 8 5
e 3 9 5
e 5 6 7
e 9 10 11
e 9 14 11
e 10 11 12
e 10 12 12
e 10 13 12
e 14 15 16
e 15 16 17
e 15 18 17
e 16 17 18
t # 1
v 0 2
v 1 4
v 2 5
v 3 3
v 4 3
v 5 6
v 6 7
v 7 8
v 8 9
v 9 10
v 10 11
v 11 12
v 12 13
v 13 14
v 14 15
v 15 16
v 16 3
v 17 18
v 18 16
v 19 17
e 0 1 2
e 0 2 2
e 0 3 2
e 3 4 5
e 3 5 5
e 3 7 5
e 3 8 5
e 3 9 5
e 5 6 7
e 9 10 11
e 9 14 11
e 10 11 12
e 10 12 12
e 10 13 12
e 14 15 16
e 15 16 17
e 15 18 17
e 16 17 18
e 18 19 20
t # 2
v 0 2
v 1 4
v 2 5
v 3 3
v 4 3
v 5 6
v 6 7
v 7 8
v 8 9
v 9 10
v 10 11
v 11 12
v 12 13
v 13 14
v 14 15
v 15 16
v 16 3
v 17 18
v 18 16
v 19 17
e 0 1 2
e 0 2 2
e 0 3 2
e 3 4 5
e 3 5 5
e 3 7 5
e 3 8 5
e 3 9 5
e 5 6 7
e 9 10 11
e 9 14 11
e 10 11 12
e 10 12 12
e 10 13 12
e 14 15 16
e 15 16 17
e 15 18 17
e 16 17 18
e 18 19 20
t # 3
v 0 2
v 1 4
v 2 5
v 3 3
v 4 3
v 5 6
v 6 7
v 7 8
v 8 9
v 9 10
v 10 11
v 11 12
v 12 13
v 13 14
v 14 15
v 15 16
v 16 17
v 17 16
v 18 3
v 19 18
e 0 1 2
e 0 2 2
e 0 3 2
e 3 4 5
e 3 5 5
e 3 7 5
e 3 8 5
e 3 9 5
e 5 6 7
e 9 10 11
e 9 14 11
e 10 11 12
e 10 12 12
e 10 13 12
e 14 15 16
e 14 17 16
e 15 16 17
e 17 18 19
e 18 19 20
t # 4
v 0 2
v 1 4
v 2 5
v 3 3
v 4 3
v 5 6
v 6 7
v 7 8
v 8 9
v 9 10
v 10 11
v 11 12
v 12 13
v 13 14
v 14 15
v 15 16
v 16 17
v 17 16
v 18 3
v 19 18
e 0 1 2
e 0 2 2
e 0 3 2
e 3 4 5
e 3 5 5
e 3 7 5
e 3 8 5
e 3 9 5
e 5 6 7
e 9 10 11
e 9 14 11
e 10 11 12
e 10 12 12
e 10 13 12
e 14 15 16
e 14 17 16
e 15 16 17
e 17 18 19
e 18 19 20
t # 5
v 0 2
v 1 4
v 2 5
v 3 3
v 4 3
v 5 6
v 6 7
v 7 8
v 8 9
v 9 10
v 10 11
v 11 12
v 12 13
v 13 14
v 14 15
v 15 16
v 16 3
v 17 18
v 18 16
v 19 17
e 0 1 2
e 0 2 2
e 0 3 2
e 3 4 5
e 3 5 5
e 3 7 5
e 3 8 5
e 3 9 5
e 5 6 7
e 9 10 11
e 9 14 11
e 10 11 12
e 10 12 12
e 10 13 12
e 14 15 16
e 15 16 17
e 15 18 17
e 16 17 18
e 18 19 20
t # 6
v 0 2
v 1 4
v 2 5
v 3 3
v 4 3
v 5 6
v 6 7
v 7 8
v 8 9
v 9 10
v 10 11
v 11 12
v 12 13
v 13 14
v 14 15
v 15 16
v 16 3
v 17 18
v 18 17
e 0 1 2
e 0 2 2
e 0 3 2
e 3 4 5
e 3 5 5
e 3 7 5
e 3 8 5
e 3 9 5
e 5 6 7
e 9 10 11
e 9 14 11
e 10 11 12
e 10 12 12
e 10 13 12
e 14 15 16
e 15 16 17
e 15 18 17
e 16 17 18
t # 7
v 0 2
v 1 4
v 2 5
v 3 3
v 4 3
v 5 6
v 6 7
v 7 8
v 8 9
v 9 10
v 10 11
v 11 12
v 12 13
v 13 14
v 14 15
v 15 16
v 16 3
v 17 18
v 18 16
v 19 17
e 0 1 2
e 0 2 2
e 0 3 2
e 3 4 5
e 3 5 5
e 3 7 5
e 3 8 5
e 3 9 5
e 5 6 7
e 9 10 11
e 9 14 11
e 10 11 12
e 10 12 12
e 10 13 12
e 14 15 16
e 15 16 17
e 15 18 17
e 16 17 18
e 18 19 20
t # 8
v 0 2
v 1 4
v 2 5
v 3 3
v 4 3
v 5 6
v 6 7
v 7 8
v 8 9
v 9 10
v 10 11
v 11 12
v 12 13
v 13 14
v 14 15
v 15 16
v 16 3
v 17 18
v 18 16
v 19 17
e 0 1 2
e 0 2 2
e 0 3 2
e 3 4 5
e 3 5 5
e 3 7 5
e 3 8 5
e 3 9 5
e 5 6 7
e 9 10 11
e 9 14 11
e 10 11 12
e 10 12 12
e 10 13 12
e 14 15 16
e 15 16 17
e 15 18 17
e 16 17 18
e 18 19 20
t # 9
v 0 2
v 1 4
v 2 5
v 3 3
v 4 3
v 5 6
v 6 7
v 7 8
v 8 9
v 9 10
v 10 11
v 11 12
v 12 13
v 13 14
v 14 15
v 15 16
v 16 17
v 17 16
v 18 3
v 19 18
e 0 1 2
e 0 2 2
e 0 3 2
e 3 4 5
e 3 5 5
e 3 7 5
e 3 8 5
e 3 9 5
e 5 6 7
e 9 10 11
e 9 14 11
e 10 11 12
e 10 12 12
e 10 13 12
e 14 15 16
e 14 17 16
e 15 16 17
e 17 18 19
e 18 19 20
t # 10
v 0 2
v 1 4
v 2 5
v 3 3
v 4 3
v 5 6
v 6 7
v 7 8
v 8 9
v 9 10
v 10 11
v 11 12
v 12 13
v 13 14
v 14 15
v 15 16
v 16 17
v 17 16
v 18 3
v 19 18
e 0 1 2
e 0 2 2
e 0 3 2
e 3 4 5
e 3 5 5
e 3 7 5
e 3 8 5
e 3 9 5
e 5 6 7
e 9 10 11
e 9 14 11
e 10 11 12
e 10 12 12
e 10 13 12
e 14 15 16
e 14 17 16
e 15 16 17
e 17 18 19
e 18 19 20
t # 11
v 0 2
v 1 4
v 2 5
v 3 3
v 4 3
v 5 6
v 6 7
v 7 8
v 8 9
v 9 10
v 10 11
v 11 12
v 12 13
v 13 14
v 14 15
v 15 16
v 16 3
v 17 18
v 18 16
v 19 17
e 0 1 2
e 0 2 2
e 0 3 2
e 3 4 5
e 3 5 5
e 3 7 5
e 3 8 5
e 3 9 5
e 5 6 7
e 9 10 11
e 9 14 11
e 10 11 12
e 10 12 12
e 10 13 12
e 14 15 16
e 15 16 17
e 15 18 17
e 16 17 18
e 18 19 20
t # -1